245.005859 223.779297 46.154845
369.572266 208.292969 18.761719
400.613281 219.359375 0.000000
459.576172 234.533203 5.910199
485.273438 257.312500 0.000000
485.273438 257.312500 0.000000
485.273438 257.312500 0.000000
485.273438 257.312500 0.000000
485.273438 257.312500 0.000000
181.349609 422.113281 13.325664
168.630859 538.933594 24.827020
213.203125 606.679688 0.000000
372.306641 499.943359 10.549104
350.421875 507.503906 0.000000
215.207031 472.957031 0.000000
194.832031 374.111328 6.431819
387.574219 361.527344 0.000000
399.724609 448.570312 19.072961
403.060547 381.160156 7.360209
300.253906 284.162109 14.861127
397.226562 297.621094 0.000000
378.267578 457.187500 55.924256
308.050781 468.855469 0.000000
345.947266 454.550781 15.779831
379.056641 427.650391 3.496794
390.976562 413.859375 0.242188
257.683594 472.945312 0.000000
455.023438 553.410156 0.000000
408.261719 213.332031 0.000000
184.453125 351.123047 11.006175
181.226562 428.230469 0.000000
206.046875 357.779297 20.303697
315.050781 228.164062 12.751379
271.720703 209.359375 2.015947
372.710938 191.222656 0.000000
473.875000 230.292969 0.773438
453.556641 263.652344 1.750771
323.046875 207.195312 0.000000
357.527344 218.742188 0.000000
352.880859 233.414062 0.261719
327.710938 210.867188 10.820312
333.121094 210.867188 0.000000
514.890625 410.392578 19.639466
513.683594 298.873047 28.066457
492.433594 425.419922 0.699219
362.621094 512.982422 7.753887
382.800781 486.933594 0.000000
405.015625 270.609375 44.031250
339.798828 220.007812 1.102123
388.210938 233.617188 4.626174
300.476562 199.898438 30.125000
33.564453 330.230469 1.111114
45.390625 361.589844 0.000000
120.812500 362.662109 6.041984
124.988281 357.046875 0.000000
124.753906 357.046875 0.000000
369.955078 231.904297 95.415563
444.439453 358.738281 5.652311
413.992188 389.382812 0.000000
432.894531 321.041016 4.543634
429.527344 403.105469 2.920590
435.304688 287.945312 0.000000
421.275391 300.820312 15.334682
420.197266 294.574219 32.649014
356.457031 234.796875 0.000000
229.238281 231.025391 6.848463
188.425781 269.945312 0.000000
123.412109 359.431641 15.759771
213.396484 281.216797 96.849610
372.953125 219.554688 0.000000
527.050781 275.326172 6.645514
465.494141 244.263672 64.948528
534.785156 390.929688 0.000000
327.185547 539.681641 48.982606
190.851562 328.152344 0.000000
335.113281 265.093750 0.000000
351.966797 261.500000 0.488281
384.779297 273.511719 10.366426
409.546875 277.125000 0.000000
247.474609 247.570312 25.972656
130.476562 357.671875 0.000000
214.291016 308.343750 6.720545
206.761719 446.544922 16.582574
341.937500 520.164062 9.988473
452.132812 407.597656 0.000000
390.916016 246.097656 40.262442
316.707031 266.478516 8.825540
183.386719 255.671875 7.304688
80.246094 358.535156 13.164294
244.925781 265.625000 23.398438
366.375000 674.164062 0.000000
0.000000 414.890625 0.000000
210.191406 69.503906 0.000000
427.642578 332.185547 68.510055
329.480469 446.085938 0.000000
407.371094 354.300781 0.000000
339.548828 250.757812 44.714844
343.250000 296.546875 0.000000
461.593750 338.611328 5.980469
341.839844 502.792969 0.000000
314.132812 502.103516 16.404426
380.416016 424.115234 24.960387
396.902344 270.183594 1.593750
411.619141 314.400391 4.412939
408.974609 327.539062 30.962381
457.527344 448.308594 4.234375
436.861328 317.710938 12.507728
370.253906 263.488281 0.000000
367.480469 253.964844 0.000000
489.593750 345.464844 0.000000
427.757812 339.796875 0.000000
384.611328 219.894531 23.341470
504.156250 386.191406 0.000000
114.207031 462.976562 0.000000
179.183594 207.390625 25.382812
450.417969 295.894531 0.000000
405.253906 279.746094 19.670629
322.093750 235.996094 3.800699
271.439453 229.548828 13.552408
316.970703 643.080078 48.652525
145.050781 307.382812 0.000000
170.808594 379.910156 0.000000
186.062500 436.199219 0.000000
189.503906 445.253906 0.242188
189.625000 445.015625 0.000000
189.625000 445.015625 0.000000
189.625000 445.015625 0.000000
224.380859 462.830078 24.459562
171.824219 360.431641 21.517349
205.939453 288.687500 1.044664
128.029297 291.433594 3.917969
80.214844 291.398438 0.000000
80.214844 291.398438 0.000000
80.214844 291.398438 0.000000
81.083984 291.240234 1.766843
88.386719 328.597656 0.000000
204.406250 526.433594 0.000000
194.019531 468.746094 0.000000
217.652344 505.757812 0.000000
197.515625 499.195312 0.000000
164.609375 409.664062 0.000000
157.621094 329.058594 9.578125
218.328125 273.271484 17.083641
195.937500 254.226562 0.000000
143.056641 292.414062 11.902085
170.285156 265.687500 0.000000
376.091797 231.775391 136.030312
575.621094 611.222656 22.548659
230.765625 468.570312 0.000000
266.880859 300.792969 22.406798
536.050781 443.382812 0.000000
216.003906 492.152344 0.000000
201.730469 305.621094 0.000000
254.632812 257.382812 0.000000
402.236328 273.195312 6.564863
260.195312 192.476562 0.000000
425.246094 168.417969 0.000000
419.056641 478.384766 31.513549
267.253906 521.500000 0.000000
189.566406 505.644531 8.507439
199.675781 521.777344 0.000000
265.992188 561.406250 5.142958
205.066406 508.373047 10.329207
151.917969 500.039062 0.000000
190.941406 568.972656 0.000000
318.201172 563.500000 36.077668
487.074219 390.787109 22.769531
433.734375 257.265625 0.000000
157.308594 257.001953 51.393013
145.773438 228.710938 0.000000
198.208984 198.525391 16.448399
144.230469 229.042969 0.000000
148.785156 336.546875 0.000000
509.708984 197.455078 35.154457
225.599609 186.691406 40.267293
77.296875 393.136719 0.000000
91.568359 443.279297 0.518841
129.023438 360.988281 51.409396
153.568359 346.013672 38.240688
220.535156 507.699219 0.000000
262.322266 529.675781 14.494845
292.390625 538.869141 15.205209
230.244141 524.355469 2.857648
228.937500 529.550781 0.000000
215.289062 487.808594 1.601562
202.035156 490.042969 0.000000
192.585938 491.027344 1.152973
182.816406 441.527344 21.914062
212.732422 492.683594 15.997254
341.222656 497.984375 0.000000
388.300781 516.367188 0.000000
356.457031 521.410156 0.000000
303.675781 526.468750 11.201381
186.164062 349.699219 0.000000
170.578125 298.316406 8.117221
164.921875 284.386719 6.197657
145.630859 288.974609 4.899892
104.812500 324.552734 1.759899
97.080078 325.304688 0.238281
91.769531 326.451172 5.519808
57.710938 353.230469 0.000000
47.867188 375.078125 0.000000
48.720703 374.121094 0.238281
51.261719 374.121094 0.000000
51.492188 373.648438 0.000000
65.025391 387.925781 22.652026
159.878906 463.050781 0.000000
254.378906 490.242188 39.075389
340.089844 479.857422 0.238281
257.066406 491.882812 0.234375
260.917969 492.757812 0.000000
281.718750 503.195312 1.924129
350.640625 490.535156 0.000000
404.115234 460.072266 4.677884
324.285156 474.589844 3.397854
349.484375 457.646484 0.816518
240.462891 458.468750 31.488281
157.953125 405.625000 0.000000
170.046875 378.789062 0.000000
248.027344 259.187500 1.382812
173.800781 380.607422 19.948691
197.300781 449.787109 8.022343
234.109375 467.597656 0.000000
315.613281 486.410156 0.000000
378.564453 453.851562 2.876170
432.679688 417.621094 0.000000
377.500000 468.986328 2.585362
435.468750 336.246094 0.000000
357.839844 454.560547 18.948045
259.564453 496.197266 12.682223
238.578125 474.941406 0.000000
185.888672 362.492188 3.735545
184.261719 330.128906 0.000000
189.474609 308.894531 16.277190
207.462891 247.914062 3.292969
196.300781 250.705078 6.979017
174.593750 265.386719 0.000000
126.757812 332.667969 0.000000
160.195312 271.873047 0.246094
172.427734 254.466797 11.840545
243.050781 230.828125 0.000000
435.687500 222.250000 0.000000
98.037109 214.837891 30.510089
121.281250 184.343750 0.000000
301.193359 144.884766 30.594114
452.871094 194.007812 0.000000
484.804688 260.509766 4.988281
212.330078 207.595703 27.824267
94.203125 404.431641 21.119828
396.949219 457.890625 0.000000
331.597656 477.156250 0.000000
416.480469 398.175781 1.749581
416.707031 388.064453 0.230469
403.951172 406.240234 5.676922
406.062500 363.171875 0.000000
426.289062 306.000000 0.000000
436.269531 329.886719 0.000000
436.863281 338.328125 0.000000
437.093750 411.199219 0.000000
447.023438 336.074219 14.953511
446.009766 361.744141 34.236672
410.755859 470.910156 4.339844
394.808594 472.550781 0.234375
398.589844 467.283203 1.191970
422.822266 196.802734 0.712631
32.849609 556.599609 39.169836
286.429688 545.341797 37.608664
405.832031 474.937500 0.000000
388.105469 223.910156 0.000000
359.884766 253.984375 17.705161
329.863281 257.632812 0.000000
327.097656 257.890625 0.000000
327.097656 257.890625 0.000000
301.855469 254.851562 0.000000
258.814453 250.332031 3.457031
256.250000 250.332031 0.000000
322.744141 245.150391 19.916731
339.785156 240.625000 0.000000
276.255859 230.900391 6.337678
307.027344 239.406250 0.000000
299.582031 237.199219 9.419909
217.246094 234.558594 0.000000
312.001953 230.070312 44.453948
430.539062 279.148438 0.000000
423.933594 402.095703 32.311824
383.937500 501.546875 0.000000
475.767578 418.589844 0.726447
452.636719 434.960938 0.000000
433.267578 455.548828 4.510205
397.722656 509.632812 0.000000
380.939453 514.492188 1.636719
386.265625 532.816406 0.000000
381.523438 536.933594 0.000000
345.734375 543.417969 0.492188
344.425781 543.171875 2.617188
258.818359 544.396484 19.211445
253.656250 539.203125 0.000000
257.089844 539.203125 0.000000
254.912109 542.312500 1.102123
211.490234 536.269531 23.711100
297.914062 549.164062 0.000000
383.710938 543.468750 0.000000
426.986328 434.705078 21.651256
365.371094 264.783203 31.453481
222.289062 227.843750 13.600943
486.550781 231.777344 0.000000
463.115234 492.517578 11.433712
376.503906 502.078125 0.000000
274.781250 504.632812 0.000000
301.156250 524.085938 0.000000
275.972656 544.191406 2.144955
346.814453 542.263672 18.217568
383.398438 516.269531 0.000000
294.207031 516.269531 0.000000
167.583984 372.244141 44.435712
249.224609 246.785156 5.954751
170.546875 277.093750 53.552664
142.023438 454.574219 0.937500
226.310547 469.613281 30.134806
136.484375 452.042969 0.000000
411.460938 440.234375 0.000000
459.664062 425.015625 0.000000
466.148438 415.308594 0.723701
466.576172 414.007812 1.637222
482.691406 364.101562 0.257812
472.652344 393.474609 5.511719
481.695312 486.843750 0.000000
441.582031 476.640625 0.000000
455.824219 456.273438 3.946805
392.441406 215.937500 0.000000
312.296875 164.863281 1.742188
391.500000 524.796875 12.304154
134.121094 405.523438 50.206829
402.847656 518.347656 0.000000
444.988281 372.089844 2.417612
356.824219 468.238281 17.706250
313.292969 476.640625 3.968750
214.593750 296.085938 27.602809
344.160156 236.443359 19.563825
308.675781 225.082031 0.000000
145.578125 331.054688 30.621662
134.564453 453.404297 31.116718
281.839844 152.078125 0.000000
409.179688 137.744141 65.943691
639.208984 250.529297 9.650296
462.425781 524.000000 0.000000
404.417969 506.339844 0.000000
452.890625 296.210938 0.507812
347.925781 559.251953 18.263640
223.191406 421.679688 0.000000
523.798828 436.367188 0.933594
507.597656 290.976562 0.000000
455.724609 244.658203 7.988527
294.664062 505.654297 8.919587
227.419922 260.775391 56.672227
405.994141 183.121094 26.863748
497.777344 308.796875 0.734749
255.476562 127.080078 14.478688
169.316406 428.390625 86.221533
379.685547 474.111328 13.005390
173.968750 195.181641 37.585706
199.078125 184.843750 4.181877
183.800781 194.117188 0.000000
119.972656 210.480469 0.000000
63.609375 251.933594 0.000000
77.791016 323.281250 18.512472
91.875000 280.046875 0.000000
256.695312 487.523438 7.019374
210.582031 482.445312 0.000000
173.369141 470.314453 5.292901
155.050781 455.394531 0.000000
155.050781 455.394531 0.000000
155.050781 453.105469 4.578125
153.296875 417.601562 0.000000
302.167969 226.708984 12.094949
162.064453 260.667969 2.720739
105.093750 310.578125 0.000000
130.058594 294.113281 0.000000
105.855469 311.671875 0.000000
121.880859 291.896484 0.342549
123.945312 290.062500 0.000000
80.410156 341.800781 0.000000
81.880859 363.046875 9.119417
76.058594 382.492188 0.723701
99.185547 348.203125 5.911829
134.500000 305.253906 0.000000
135.328125 298.253906 2.864078
127.316406 304.175781 0.000000
111.865234 341.802734 23.389798
110.003906 416.132812 0.000000
135.451172 452.125000 2.715350
142.726562 454.468750 0.000000
144.464844 441.314453 0.246094
144.464844 441.191406 0.000000
166.539062 381.667969 1.187500
205.316406 318.367188 3.121609
253.785156 265.396484 14.023984
152.152344 354.457031 0.000000
117.554688 395.597656 0.000000
124.101562 381.468750 4.234375
131.853516 422.888672 33.390622
170.011719 494.718750 0.000000
250.640625 531.964844 7.903200
258.611328 539.451172 2.635078
252.660156 528.000000 0.000000
220.058594 481.632812 5.055509
164.693359 363.242188 14.282731
144.878906 423.597656 0.000000
143.050781 427.058594 0.000000
157.265625 430.062500 0.000000
319.078125 526.125000 0.000000
374.873047 536.400391 1.437043
353.839844 522.093750 0.000000
250.175781 504.523438 18.032069
228.255859 491.609375 4.153012
239.111328 443.587891 25.647580
243.041016 313.488281 8.897348
113.353516 412.933594 7.207975
108.707031 414.195312 0.000000
117.552734 403.644531 4.065115
156.214844 333.349609 0.345278
104.093750 385.871094 10.986733
156.150391 325.101562 13.370432
260.691406 241.703125 0.000000
224.113281 251.375000 0.234375
88.121094 359.003906 19.781221
41.785156 419.492188 4.804694
35.289062 440.548828 1.844284
59.382812 388.468750 2.117188
43.189453 396.943359 1.754119
45.628906 381.882812 0.000000
30.462891 394.580078 2.855493
24.054688 411.070312 0.000000
44.050781 473.125000 0.000000
100.361328 539.025391 35.049420
166.035156 542.912109 9.643765
129.855469 426.300781 1.515625
145.199219 442.160156 0.000000
308.710938 497.746094 0.000000
347.429688 496.390625 8.218512
289.941406 489.171875 0.000000
245.009766 472.250000 2.172131
306.175781 512.859375 0.000000
293.710938 505.792969 0.000000
230.117188 468.980469 0.000000
173.400391 436.990234 1.578328
150.113281 429.425781 1.148438
148.476562 413.343750 0.000000
193.515625 468.101562 21.706720
272.832031 514.914062 1.152973
332.849609 527.046875 3.316406
335.607422 527.046875 5.996094
400.685547 519.929688 0.572995
312.007812 515.910156 15.139266
334.925781 515.261719 0.000000
352.183594 510.365234 1.722940
310.757812 512.171875 0.000000
207.550781 477.011719 0.000000
206.058594 481.005859 3.735545
202.164062 478.402344 0.000000
178.636719 430.328125 0.000000
146.634766 382.960938 11.501089
138.082031 355.625000 0.000000
133.095703 358.128906 3.685292
108.427734 394.666016 11.775520
139.191406 338.761719 0.000000
238.167969 237.398438 0.000000
337.841797 185.341797 2.292653
448.093750 587.273438 0.000000
238.607422 387.351562 9.339056
243.472656 316.238281 3.299179
195.640625 389.128906 1.343750
403.970703 143.550781 76.423187
586.324219 389.414062 67.601288
241.703125 495.996094 0.000000
243.873047 503.886719 10.746565
183.025391 494.042969 13.374501
157.253906 477.300781 0.000000
119.296875 457.812500 0.000000
114.867188 424.816406 2.794659
257.902344 503.878906 0.703125
192.785156 412.593750 0.000000
213.720703 361.503906 1.348856
163.765625 390.042969 0.000000
164.253906 408.283203 0.246094
205.765625 344.980469 0.000000
592.839844 455.523438 0.000000
266.046875 575.109375 8.756896
422.585938 471.017578 5.519531
427.187500 293.078125 0.000000
395.105469 480.638672 5.014817
365.193359 490.113281 11.668421
119.667969 434.919922 1.433594
172.078125 265.964844 0.000000
310.513672 272.044922 4.576955
359.263672 471.693359 16.265551
330.167969 507.562500 2.351562
369.650391 465.113281 1.637222
401.619141 385.001953 19.018604
243.625000 257.007812 0.000000
163.113281 333.363281 0.000000
96.464844 380.005859 0.699219
117.126953 333.697266 27.367575
130.761719 266.578125 0.000000
65.486328 350.017578 37.543393
134.937500 477.988281 0.000000
188.136719 513.796875 0.000000
235.390625 524.117188 0.000000
231.746094 509.988281 0.000000
207.058594 471.421875 0.000000
178.058594 386.371094 0.000000
394.851562 156.304688 0.000000
405.244141 240.921875 3.032179
339.330078 202.111328 7.364385
297.167969 197.449219 0.781250
341.078125 199.869141 39.818666
398.492188 254.666016 15.515842
391.281250 425.429688 7.847675
379.019531 439.066406 0.000000
286.480469 468.218750 0.000000
197.560547 341.822266 56.039333
240.085938 264.511719 0.000000
329.843750 264.832031 62.616154
417.902344 322.773438 0.000000
406.917969 338.380859 5.941406
404.037109 317.853516 3.359561
390.210938 284.363281 4.528609
382.402344 275.019531 3.750000
423.255859 534.117188 40.042890
175.066406 496.583984 0.707031
268.101562 211.554688 0.000000
425.705078 309.531250 16.861922
406.949219 296.484375 6.067864
383.222656 248.050781 0.000000
440.468750 375.998047 8.675781
392.333984 513.875000 8.946289
296.707031 532.332031 0.000000
250.421875 499.515625 0.000000
250.421875 499.515625 0.000000
194.335938 386.945312 0.000000
267.345703 207.369141 6.920113
209.875000 180.445312 0.000000
95.699219 197.521484 14.240461
0.000000 290.785156 17.109375
0.000000 484.902344 0.000000
0.000000 568.953125 4.132812
104.328125 657.113281 0.000000
248.335938 578.033203 12.394553
265.640625 550.058594 2.571488
251.996094 535.730469 0.242188
251.675781 534.484375 0.000000
251.675781 534.484375 0.000000
309.531250 540.304688 0.000000
362.074219 511.488281 0.000000
453.421875 421.609375 0.000000
466.503906 387.019531 0.000000
276.496094 184.746094 0.000000
188.718750 499.574219 31.865700
457.470703 500.716797 59.383463
507.625000 363.511719 0.000000
498.488281 358.781250 0.000000
464.023438 368.863281 31.861974
213.777344 486.679688 0.000000
116.945312 388.355469 0.000000
400.388672 252.425781 102.451694
493.369141 301.343750 9.229705
449.464844 321.677734 2.349229
446.675781 301.931641 12.138750
445.218750 255.414062 5.565133
438.449219 227.976562 0.000000
435.353516 223.601562 2.546399
421.746094 222.660156 0.000000
426.332031 222.136719 2.226562
203.679688 217.652344 19.959875
17.863281 563.195312 73.808743
313.152344 625.218750 71.056888
261.046875 534.417969 0.000000
179.375000 533.992188 26.585938
130.083984 528.453125 1.950643
130.226562 527.246094 0.000000
130.226562 527.246094 0.000000
130.226562 527.246094 0.000000
130.226562 527.246094 0.000000
121.691406 460.054688 0.000000
117.527344 432.773438 0.000000
117.527344 424.074219 0.000000
168.687500 322.595703 2.543317
240.556641 264.121094 8.818881
322.861328 238.599609 36.399991
501.869141 553.785156 8.324860
408.488281 533.740234 30.788559
370.539062 213.078125 0.000000
184.843750 247.101562 0.000000
144.957031 300.101562 0.000000
179.621094 266.242188 0.000000
409.640625 234.464844 0.000000
398.539062 281.355469 6.440164
331.843750 262.781250 0.000000
247.402344 244.843750 0.000000
442.441406 221.753906 0.000000
457.511719 325.324219 0.000000
413.177734 478.031250 20.099416
271.498047 533.142578 5.707289
196.320312 454.957031 0.000000
167.162109 434.703125 2.082295
205.257812 482.816406 0.000000
322.468750 511.789062 5.423164
333.912109 502.437500 0.941406
272.671875 488.390625 0.000000
326.917969 486.988281 6.678266
323.402344 486.273438 0.000000
307.054688 481.742188 11.596387
345.466797 473.003906 5.686181
326.062500 509.648438 0.000000
244.113281 487.039062 0.000000
240.359375 506.453125 12.500000
240.625000 491.728516 1.785669
306.294922 502.591797 19.051791
400.765625 437.105469 0.000000
431.777344 329.373047 5.685376
376.658203 443.673828 11.900252
371.623047 451.912109 6.293465
424.878906 370.992188 0.000000
367.951172 452.468750 18.213343
328.417969 474.234375 0.000000
328.417969 474.234375 0.000000
328.417969 474.234375 0.000000
328.417969 474.234375 0.000000
381.585938 483.492188 7.039062
346.587891 483.734375 10.519531
227.859375 459.578125 0.000000
173.929688 425.402344 0.740252
183.109375 420.740234 4.771904
318.640625 481.339844 6.296875
356.558594 487.414062 1.367188
378.367188 475.347656 0.000000
391.398438 455.755859 0.246094
345.000000 483.726562 0.000000
406.134766 431.574219 11.616776
324.949219 511.984375 21.245727
200.773438 435.250000 0.000000
250.466797 351.486328 32.596320
464.785156 340.480469 0.000000
448.425781 314.375000 0.000000
434.242188 328.113281 0.000000
268.173828 514.480469 13.155798
209.988281 493.468750 0.000000
179.550781 483.367188 0.000000
179.550781 483.367188 0.000000
179.550781 483.367188 0.000000
179.550781 483.367188 0.000000
213.867188 491.898438 20.737214
321.859375 497.367188 0.000000
381.335938 464.255859 5.219050
258.523438 521.242188 0.000000
281.175781 525.808594 1.859375
283.136719 525.546875 0.000000
345.494141 514.113281 8.176117
305.613281 505.710938 0.000000
241.701172 496.693359 14.580512
209.523438 459.978516 12.828183
268.105469 490.781250 0.000000
344.957031 500.941406 0.000000
353.656250 496.699219 0.000000
385.177734 462.806641 1.151238
357.248047 482.679688 2.316406
203.857422 491.494141 14.970015
193.761719 508.031250 0.257812
191.566406 510.968750 0.000000
196.806641 537.718750 2.689920
199.513672 534.431641 0.336981
163.613281 365.597656 3.653211
129.359375 391.355469 0.000000
145.156250 478.234375 0.000000
189.269531 522.876953 21.071001
187.050781 383.783203 44.109763
294.388672 235.828125 4.800781
425.535156 364.859375 0.000000
313.685547 503.705078 19.313089
254.441406 494.125000 0.548547
274.460938 496.351562 10.927367
281.796875 497.792969 0.000000
292.332031 492.960938 0.000000
367.884766 425.230469 13.167647
412.378906 397.148438 0.337026
383.699219 450.343750 0.000000
374.843750 454.449219 5.289062
237.855469 447.144531 21.953343
212.312500 462.962891 0.811570
259.011719 491.072266 2.538404
269.394531 514.781250 20.296511
162.355469 440.117188 0.000000
134.781250 376.203125 0.000000
143.250000 310.992188 0.000000
204.171875 230.496094 0.000000
303.968750 221.054688 0.000000
292.201172 205.046875 12.097656
295.707031 186.695312 40.515625
170.363281 358.500000 0.000000
282.371094 461.558594 0.000000
302.000000 495.253906 0.000000
263.378906 501.894531 1.620731
205.371094 501.175781 0.364602
191.281250 529.390625 0.515625
192.867188 502.519531 0.000000
192.867188 515.511719 11.531250
193.640625 540.265625 0.000000
200.375000 541.332031 1.715569
293.960938 528.968750 0.000000
270.152344 533.867188 3.132812
297.640625 532.986328 12.284478
312.523438 529.632812 0.000000
297.195312 534.574219 0.000000
169.630859 478.962891 13.190690
230.513672 502.800781 14.882024
192.644531 459.232422 11.121903
209.873047 476.033203 3.282371
231.064453 502.167969 1.710639
230.029297 501.273438 0.367374
165.234375 391.613281 0.000000
167.191406 317.269531 0.000000
188.207031 398.548828 19.305897
225.585938 449.386719 3.848257
296.960938 494.937500 0.000000
346.730469 508.500000 0.257812
333.484375 513.738281 0.000000
276.324219 502.730469 0.000000
470.285156 364.003906 11.758910
268.044922 219.832031 95.046095
174.585938 462.320312 39.093750
178.021484 472.769531 9.669231
178.812500 452.666016 1.355469
178.339844 451.857422 0.230469
176.419922 442.207031 6.435975
208.496094 293.429688 0.000000
164.097656 369.699219 8.311891
151.082031 415.263672 2.972656
151.082031 416.750000 0.000000
159.347656 431.902344 0.000000
159.347656 431.902344 0.000000
159.347656 431.902344 0.000000
121.382812 439.402344 0.000000
291.785156 535.240234 50.931648
409.181641 288.673828 79.673986
214.558594 182.828125 0.000000
447.683594 323.691406 0.000000
380.613281 482.824219 56.140328
348.765625 502.230469 0.000000
411.615234 365.039062 8.766138
420.878906 352.154297 3.025559
415.503906 368.687500 0.484375
417.187500 359.236328 5.558594
401.011719 396.248047 6.420698
381.808594 433.960938 0.000000
227.839844 166.382812 0.000000
91.117188 423.121094 0.000000
136.625000 475.326172 17.178045
144.287109 439.851562 2.682786
142.410156 413.960938 0.000000
138.066406 443.355469 0.000000
156.078125 466.058594 1.900349
172.396484 432.121094 27.347222
156.265625 431.597656 0.000000
158.017578 484.828125 1.710639
176.367188 501.332031 1.656250
156.265625 427.261719 0.000000
266.878906 287.761719 0.000000
429.669922 353.050781 55.383651
425.769531 485.605469 0.000000
432.775391 454.308594 6.892114
312.761719 469.488281 21.341875
226.828125 456.539062 0.000000
231.449219 472.210938 10.031934
240.662109 288.263672 47.496946
422.421875 199.996094 0.000000
529.517578 246.011719 7.228599
535.136719 244.972656 0.000000
556.839844 254.039062 0.484375
542.953125 217.855469 0.000000
547.292969 199.537109 6.457031
560.541016 260.419922 5.234809
570.722656 314.042969 0.000000
544.296875 431.886719 0.000000
383.261719 148.800781 31.385726
237.900391 233.455078 35.002770
165.525391 414.126953 25.034942
368.011719 490.195312 0.000000
278.894531 507.234375 0.000000
179.101562 300.835938 0.000000
377.703125 224.972656 0.000000
426.929688 456.355469 0.000000
312.410156 449.925781 20.261614
47.638672 358.931641 24.065357
142.351562 465.103516 0.464844
238.359375 565.070312 1.656250
274.695312 556.009766 0.578244
242.859375 538.609375 0.000000
228.824219 427.582031 0.000000
281.517578 281.113281 2.385836
234.007812 319.019531 0.000000
241.476562 300.275391 18.989831
198.828125 374.117188 11.360603
192.535156 412.812500 5.895876
188.699219 394.156250 0.000000
189.744141 386.597656 14.332864
268.746094 267.339844 0.000000
412.771484 364.437500 6.912991
377.712891 481.531250 22.312788
235.757812 507.644531 0.000000
207.521484 466.712891 18.677723
258.125000 494.746094 0.000000
435.226562 338.917969 0.000000
327.130859 207.658203 17.339584
93.132812 365.218750 0.000000
247.542969 261.738281 0.000000
390.765625 333.384766 31.668585
378.605469 476.957031 0.000000
430.259766 343.386719 4.323824
414.957031 274.808594 0.000000
305.773438 252.513672 29.850954
186.613281 394.179688 0.000000
283.517578 538.439453 7.977854
307.691406 526.335938 0.242188
229.503906 433.289062 37.033493
320.646484 234.814453 35.512357
473.865234 401.580078 26.609587
483.962891 518.652344 3.597317
465.945312 528.394531 0.000000
260.921875 529.933594 35.489920
174.281250 411.363281 0.000000
136.199219 434.464844 6.423267
136.625000 444.242188 10.063428
156.652344 340.167969 0.000000
279.935547 206.386719 17.844469
424.843750 217.449219 0.000000
413.179688 208.035156 0.000000
461.097656 232.880859 15.473832
510.271484 327.078125 14.539445
505.097656 419.753906 0.000000
393.011719 534.929688 5.042217
138.966797 286.283203 56.379686
257.642578 218.777344 33.077597
271.773438 218.572266 39.124873
102.837891 384.328125 8.982783
116.148438 374.873047 0.548672
150.462891 312.044922 9.662431
139.628906 321.847656 0.000000
117.902344 344.636719 0.000000
239.554688 251.066406 12.927008
342.519531 208.765625 11.099517
236.847656 251.044922 16.030502
242.330078 239.427734 8.657253
120.183594 431.914062 12.237191
280.029297 199.232422 7.054504
232.583984 254.195312 10.248420
184.960938 300.273438 0.000000
99.976562 428.726562 1.343750
112.785156 415.566406 0.000000
144.757812 370.755859 51.601861
242.679688 252.158203 7.510325
215.111328 273.685547 0.560897
265.109375 237.203125 4.485940
164.919922 318.544922 31.989743
119.531250 405.636719 0.000000
122.972656 412.390625 0.000000
145.644531 350.753906 4.154230
169.812500 296.082031 0.000000
251.992188 183.863281 0.000000
426.570312 392.078125 0.000000
357.585938 304.537109 31.511886
96.687500 500.328125 41.444075
119.613281 426.628906 0.000000
100.781250 402.076172 14.374323
61.023438 488.886719 0.000000
67.519531 473.433594 0.000000
78.218750 460.105469 0.000000
94.861328 394.798828 58.602376
297.791016 112.394531 10.363281
109.531250 193.435547 7.436340
119.474609 203.976562 0.930680
60.851562 375.773438 32.507812
88.640625 437.837891 11.947719
129.818359 449.900391 8.192972
130.812500 399.378906 0.000000
128.771484 361.257812 10.946345
143.796875 319.757812 0.000000
144.406250 313.964844 0.000000
144.406250 313.964844 0.000000
144.523438 312.496094 0.234375
137.066406 315.062500 0.000000
137.066406 315.062500 0.000000
137.066406 315.062500 0.000000
137.066406 315.062500 0.000000
137.066406 315.062500 0.000000
137.066406 315.062500 0.000000
126.439453 307.169922 4.177303
127.572266 313.376953 14.968702
85.466797 395.156250 11.854027
108.570312 381.033203 2.219647
127.671875 342.804688 0.000000
272.679688 206.025391 2.090209
178.861328 270.322266 12.263466
157.714844 286.660156 0.000000
111.462891 380.636719 1.369000
111.699219 391.792969 0.257812
187.855469 266.912109 0.367374
110.742188 408.289062 9.496620
140.832031 349.175781 0.000000
174.929688 270.802734 5.239394
164.673828 292.779297 4.464381
304.841797 188.841797 25.894308
221.687500 219.375000 0.000000
178.902344 356.292969 0.000000
218.328125 253.445312 11.888561
140.347656 392.636719 33.921322
174.218750 378.015625 0.000000
149.953125 441.535156 0.000000
168.367188 460.808594 0.000000
179.898438 496.898438 0.000000
200.621094 479.343750 0.000000
201.916016 284.824219 13.418972
181.546875 551.408203 36.051539
391.289062 463.392578 65.845525
309.984375 263.375000 0.000000
202.757812 269.994141 3.335556
402.955078 420.107422 20.919390
292.324219 507.679688 12.289062
238.140625 331.535156 0.000000
479.562500 301.871094 14.116617
383.314453 223.306641 28.342172
505.292969 458.062500 0.000000
276.351562 543.111328 29.602789
231.394531 414.501953 21.957031
194.126953 389.048828 6.016368
196.183594 333.687500 0.000000
176.103516 318.230469 10.486317
146.906250 346.503906 5.100486
142.904297 362.375000 3.201345
161.246094 303.230469 0.000000
182.109375 258.949219 0.000000
145.414062 304.535156 1.278770
146.816406 280.542969 0.000000
127.533203 315.138672 7.113299
167.142578 234.865234 3.499254
140.429688 273.859375 0.000000
189.039062 208.597656 10.365115
88.457031 375.808594 0.000000
136.734375 349.957031 0.000000
213.109375 256.472656 0.000000
321.230469 262.277344 4.280252
400.417969 537.070312 0.000000
167.755859 475.306641 50.246598
136.343750 445.796875 0.000000
240.876953 234.941406 25.990975
383.007812 288.593750 0.000000
366.363281 264.707031 0.000000
202.466797 256.306641 2.153113
164.808594 290.351562 0.000000
313.314453 176.447266 2.768630
139.539062 251.160156 0.000000
418.974609 301.636719 0.618089
402.921875 386.757812 0.000000
432.333984 341.726562 48.831987
367.039062 504.015625 0.000000
240.726562 481.904297 28.715326
214.589844 410.892578 29.679929
270.308594 268.218750 0.000000
283.183594 259.230469 0.718155
254.285156 277.519531 0.000000
414.355469 270.226562 0.000000
387.048828 256.353516 3.985237
286.691406 239.660156 0.000000
210.175781 299.914062 4.186757
185.753906 332.521484 0.480469
168.851562 460.750000 0.515625
188.980469 376.894531 0.000000
315.953125 218.285156 0.000000
382.035156 225.582031 2.414871
418.248047 295.046875 10.937350
328.468750 218.505859 5.128395
190.058594 276.308594 0.000000
184.353516 408.763672 1.452883
202.382812 421.056641 2.206132
322.355469 543.792969 15.213989
455.771484 232.976562 9.224231
355.921875 168.121094 20.484359
363.882812 238.863281 0.000000
456.042969 409.746094 4.395779
420.789062 339.505859 4.756371
384.269531 471.828125 21.714815
277.777344 472.179688 0.000000
308.386719 483.699219 0.000000
414.218750 361.746094 0.000000
382.802734 286.468750 27.227170
114.523438 292.597656 0.000000
97.326172 388.189453 19.006588
101.621094 426.593750 0.000000
116.984375 450.699219 0.000000
132.416016 406.898438 10.306071
137.359375 374.105469 1.601562
142.958984 444.259766 13.300268
251.498047 314.902344 33.191846
460.617188 316.486328 47.102933
396.261719 498.150391 23.782264
186.101562 503.761719 0.000000
175.421875 458.339844 0.000000
244.378906 292.437500 0.000000
481.863281 314.476562 0.000000
392.355469 479.384766 47.144757
248.804688 496.738281 3.929688
346.255859 501.203125 58.699219
434.529297 338.638672 53.180441
352.646484 217.189453 35.255548
307.375000 243.597656 0.000000
151.623047 419.261719 31.668585
177.242188 397.507812 0.000000
186.484375 340.929688 0.000000
154.912109 347.285156 3.611685
280.488281 249.064453 63.796209
462.554688 285.882812 0.000000
435.837891 304.591797 24.606823
214.531250 305.101562 0.000000
59.425781 559.558594 0.000000
172.695312 484.765625 12.737672
200.238281 427.351562 0.000000
225.742188 342.634766 11.318105
189.886719 342.304688 0.000000
279.033203 298.701172 100.478377
483.212891 369.744141 15.338352
333.871094 484.207031 0.000000
263.880859 466.162109 2.397973
266.750000 464.062500 0.000000
260.732422 461.582031 0.503906
243.226562 444.558594 0.000000
213.046875 342.039062 3.521254
204.179688 300.697266 9.445646
198.246094 304.320312 7.611705
189.244141 309.294922 6.743018
204.050781 289.292969 0.000000
283.585938 243.421875 0.000000
303.134766 246.273438 18.895224
336.996094 240.929688 0.000000
306.355469 228.480469 1.000000
384.041016 255.250000 12.297074
300.593750 225.917969 0.000000
261.498047 218.587891 27.748179
86.332031 313.201172 16.269550
174.275391 453.636719 7.926151
293.705078 481.486328 4.861802
270.660156 448.714844 0.000000
264.007812 259.953125 0.000000
452.652344 357.171875 48.156245
443.070312 417.351562 11.125000
258.261719 496.148438 0.000000
193.832031 458.328125 1.000000
194.742188 438.281250 0.000000
236.292969 251.941406 4.513273
361.445312 231.482422 9.250839
309.878906 225.093750 34.187383
284.199219 195.984375 14.703125
453.148438 408.265625 24.435578
460.527344 393.316406 0.000000
472.566406 322.140625 0.000000
359.533203 228.701172 21.522135
281.160156 203.054688 0.000000
151.228516 361.017578 23.300234
179.800781 356.998047 0.826400
245.839844 295.664062 0.000000
327.500000 270.214844 23.445312
62.044922 278.496094 16.608337
27.175781 313.707031 0.000000
36.957031 333.550781 3.895360
61.617188 318.738281 7.857235
73.312500 302.414062 0.000000
280.269531 620.607422 219.914924
526.843750 486.515625 32.570043
228.169922 285.062500 4.800781
92.291016 370.621094 2.868499
80.113281 457.863281 0.000000
208.281250 555.019531 0.515625
